Filename:  live_data.mca
Description:  
TimeStamp:  11/30/2023 14:00:54

Spectral Data Information
Channel	Data
0	0
1	0
2	0
3	0
4	0
5	0
6	0
7	0
8	0
9	0
10	0
11	0
12	0
13	0
14	0
15	0
16	0
17	0
18	0
19	0
20	0
21	0
22	0
23	0
24	0
25	0
26	0
27	0
28	11
29	374
30	2538
31	3254
32	3180
33	3283
34	3357
35	3322
36	3397
37	3293
38	3380
39	3279
40	3295
41	3166
42	3260
43	3174
44	3131
45	3076
46	3060
47	3117
48	2959
49	2967
50	2937
51	2885
52	2901
53	2834
54	2884
55	2762
56	2712
57	2803
58	2765
59	2620
60	2709
61	2685
62	2717
63	2671
64	2683
65	2529
66	2693
67	2545
68	2586
69	2538
70	2468
71	2439
72	2472
73	2415
74	2439
75	2304
76	2326
77	2324
78	2336
79	2221
80	2156
81	2114
82	2166
83	2135
84	2079
85	2036
86	2122
87	2065
88	2021
89	2054
90	2039
91	1913
92	1983
93	1937
94	1861
95	1829
96	1891
97	1876
98	1894
99	1761
100	1847
101	1791
102	1695
103	1832
104	1767
105	1779
106	1726
107	1752
108	1752
109	1665
110	1635
111	1662
112	1703
113	1658
114	1666
115	1618
116	1644
117	1650
118	1656
119	1631
120	1609
121	1720
122	1513
123	1581
124	1603
125	1614
126	1628
127	1585
128	1613
129	1531
130	1612
131	1601
132	1532
133	1580
134	1588
135	1579
136	1549
137	1605
138	1618
139	1607
140	1539
141	1540
142	1542
143	1576
144	1631
145	1599
146	1468
147	1494
148	1500
149	1494
150	1508
151	1501
152	1470
153	1477
154	1458
155	1404
156	1451
157	1373
158	1302
159	1327
160	1270
161	1305
162	1238
163	1159
164	1177
165	1118
166	1105
167	1085
168	1045
169	1116
170	968
171	937
172	983
173	877
174	877
175	851
176	854
177	819
178	803
179	764
180	692
181	749
182	719
183	702
184	743
185	714
186	711
187	713
188	718
189	669
190	631
191	629
192	658
193	685
194	709
195	673
196	771
197	703
198	763
199	808
200	833
201	855
202	950
203	978
204	1073
205	1174
206	1217
207	1349
208	1453
209	1630
210	1844
211	1945
212	2219
213	2363
214	2539
215	2725
216	2950
217	3162
218	3332
219	3551
220	3775
221	3786
222	3976
223	4093
224	4072
225	4082
226	4200
227	4135
228	4103
229	4052
230	3886
231	3730
232	3497
233	3484
234	3145
235	2923
236	2779
237	2526
238	2332
239	2038
240	1902
241	1690
242	1467
243	1253
244	1133
245	904
246	771
247	691
248	601
249	486
250	405
251	323
252	268
253	225
254	167
255	143
256	133
257	115
258	86
259	85
260	69
261	75
262	60
263	57
264	52
265	55
266	53
267	56
268	52
269	50
270	61
271	43
272	52
273	46
274	55
275	43
276	66
277	52
278	59
279	58
280	51
281	68
282	51
283	54
284	45
285	54
286	59
287	59
288	43
289	57
290	59
291	43
292	33
293	49
294	51
295	55
296	47
297	61
298	55
299	65
300	48
301	66
302	61
303	49
304	44
305	53
306	64
307	52
308	50
309	49
310	48
311	48
312	37
313	58
314	45
315	43
316	47
317	62
318	55
319	47
320	45
321	49
322	42
323	45
324	49
325	41
326	48
327	56
328	40
329	47
330	44
331	51
332	41
333	41
334	39
335	42
336	41
337	55
338	39
339	50
340	36
341	39
342	29
343	34
344	43
345	28
346	41
347	39
348	31
349	39
350	34
351	47
352	40
353	44
354	33
355	51
356	32
357	44
358	45
359	33
360	32
361	34
362	44
363	41
364	47
365	40
366	43
367	43
368	42
369	32
370	44
371	42
372	43
373	46
374	31
375	42
376	29
377	37
378	35
379	39
380	36
381	48
382	53
383	36
384	40
385	33
386	38
387	41
388	43
389	31
390	40
391	34
392	39
393	26
394	35
395	30
396	33
397	28
398	29
399	34
400	30
401	29
402	34
403	30
404	24
405	25
406	29
407	24
408	34
409	22
410	25
411	28
412	29
413	30
414	29
415	28
416	20
417	24
418	20
419	30
420	18
421	27
422	26
423	20
424	26
425	18
426	23
427	17
428	25
429	28
430	16
431	15
432	17
433	12
434	18
435	17
436	21
437	15
438	22
439	15
440	12
441	16
442	20
443	13
444	15
445	13
446	18
447	15
448	22
449	10
450	19
451	23
452	15
453	15
454	20
455	30
456	19
457	25
458	21
459	28
460	22
461	27
462	24
463	22
464	42
465	21
466	33
467	50
468	36
469	37
470	42
471	31
472	41
473	44
474	42
475	50
476	56
477	45
478	38
479	43
480	37
481	64
482	41
483	40
484	54
485	49
486	42
487	44
488	61
489	37
490	53
491	41
492	30
493	47
494	37
495	34
496	35
497	38
498	39
499	24
500	33
501	22
502	30
503	21
504	31
505	32
506	19
507	26
508	22
509	18
510	18
511	17
512	21
513	17
514	17
515	12
516	14
517	6
518	19
519	8
520	13
521	12
522	13
523	12
524	5
525	9
526	8
527	9
528	7
529	6
530	8
531	9
532	4
533	5
534	10
535	6
536	4
537	7
538	6
539	2
540	10
541	11
542	2
543	6
544	6
545	5
546	7
547	3
548	6
549	5
550	1
551	10
552	10
553	5
554	3
555	8
556	8
557	4
558	3
559	5
560	4
561	3
562	7
563	5
564	3
565	3
566	3
567	4
568	5
569	4
570	4
571	5
572	3
573	6
574	7
575	1
576	7
577	6
578	3
579	5
580	8
581	1
582	7
583	6
584	4
585	5
586	7
587	5
588	5
589	6
590	3
591	1
592	1
593	8
594	4
595	3
596	6
597	2
598	4
599	4
600	3
601	8
602	4
603	5
604	4
605	1
606	4
607	3
608	5
609	6
610	4
611	1
612	4
613	1
614	7
615	3
616	4
617	3
618	7
619	4
620	2
621	4
622	3
623	2
624	2
625	5
626	6
627	2
628	3
629	1
630	1
631	2
632	3
633	3
634	5
635	4
636	5
637	6
638	4
639	3
640	4
641	3
642	3
643	0
644	1
645	2
646	2
647	1
648	2
649	1
650	4
651	2
652	1
653	0
654	1
655	3
656	1
657	4
658	4
659	1
660	5
661	3
662	2
663	4
664	2
665	5
666	4
667	2
668	0
669	2
670	0
671	4
672	2
673	5
674	0
675	1
676	3
677	2
678	3
679	2
680	3
681	3
682	5
683	5
684	2
685	4
686	3
687	4
688	3
689	2
690	2
691	2
692	1
693	4
694	7
695	5
696	4
697	5
698	3
699	3
700	4
701	3
702	5
703	3
704	0
705	2
706	2
707	2
708	4
709	0
710	3
711	2
712	5
713	2
714	0
715	4
716	3
717	3
718	2
719	0
720	3
721	3
722	5
723	4
724	3
725	2
726	5
727	1
728	2
729	2
730	4
731	3
732	2
733	1
734	4
735	5
736	4
737	2
738	4
739	1
740	3
741	4
742	6
743	2
744	1
745	1
746	4
747	4
748	2
749	0
750	4
751	3
752	4
753	1
754	0
755	1
756	3
757	2
758	4
759	2
760	1
761	2
762	1
763	2
764	1
765	1
766	0
767	3
768	2
769	3
770	2
771	0
772	2
773	0
774	0
775	1
776	0
777	2
778	2
779	2
780	2
781	2
782	2
783	4
784	4
785	0
786	0
787	2
788	1
789	7
790	3
791	0
792	2
793	3
794	2
795	1
796	2
797	1
798	0
799	1
800	2
801	1
802	1
803	4
804	2
805	2
806	0
807	0
808	4
809	2
810	4
811	3
812	3
813	4
814	4
815	0
816	2
817	2
818	0
819	2
820	4
821	4
822	2
823	0
824	1
825	2
826	2
827	0
828	2
829	2
830	4
831	0
832	1
833	2
834	1
835	2
836	1
837	4
838	2
839	0
840	3
841	3
842	2
843	3
844	1
845	1
846	3
847	3
848	4
849	3
850	1
851	3
852	3
853	2
854	2
855	3
856	3
857	0
858	4
859	4
860	6
861	2
862	1
863	0
864	3
865	2
866	3
867	6
868	2
869	3
870	4
871	2
872	1
873	3
874	3
875	2
876	4
877	1
878	2
879	5
880	2
881	2
882	2
883	0
884	0
885	0
886	3
887	1
888	3
889	1
890	3
891	1
892	1
893	2
894	5
895	3
896	2
897	1
898	2
899	1
900	1
901	1
902	1
903	1
904	1
905	1
906	2
907	0
908	0
909	0
910	1
911	0
912	1
913	0
914	0
915	1
916	0
917	0
918	1
919	0
920	1
921	0
922	1
923	0
924	0
925	0
926	0
927	0
928	2
929	0
930	0
931	1
932	0
933	0
934	0
935	0
936	0
937	0
938	0
939	0
940	0
941	0
942	0
943	0
944	0
945	0
946	1
947	0
948	0
949	0
950	0
951	0
952	0
953	0
954	0
955	0
956	0
957	0
958	0
959	0
960	0
961	0
962	0
963	0
964	0
965	0
966	0
967	0
968	0
969	0
970	0
971	0
972	0
973	0
974	1
975	0
976	0
977	0
978	0
979	1
980	0
981	0
982	0
983	0
984	0
985	0
986	0
987	0
988	0
989	0
990	1
991	0
992	0
993	0
994	0
995	0
996	0
997	0
998	0
999	0
1000	0
1001	0
1002	0
1003	0
1004	0
1005	0
1006	0
1007	0
1008	0
1009	0
1010	0
1011	0
1012	0
1013	0
1014	0
1015	0
1016	0
1017	0
1018	0
1019	0
1020	0
1021	0
1022	0
1023	0