Filename:  live_data.mca
Description:  
TimeStamp:  11/30/2023 14:29:12

Spectral Data Information
Channel	Data
0	0
1	0
2	0
3	0
4	0
5	0
6	0
7	0
8	0
9	0
10	0
11	0
12	0
13	0
14	0
15	0
16	0
17	0
18	0
19	0
20	0
21	0
22	0
23	0
24	0
25	0
26	0
27	0
28	0
29	361
30	3755
31	4684
32	4509
33	4861
34	4785
35	4914
36	4897
37	4888
38	4896
39	4827
40	4889
41	4904
42	5021
43	4779
44	4883
45	4972
46	4894
47	4929
48	4978
49	5040
50	4961
51	4963
52	5098
53	5139
54	5318
55	5400
56	5503
57	5598
58	5877
59	5843
60	6010
61	5839
62	6173
63	6336
64	6452
65	6712
66	6615
67	6920
68	6726
69	7112
70	6972
71	6971
72	6927
73	7067
74	6942
75	6935
76	6842
77	6667
78	6605
79	6592
80	6509
81	6321
82	6275
83	5930
84	5851
85	5499
86	5500
87	5287
88	5117
89	5038
90	4865
91	4553
92	4422
93	4290
94	4213
95	4155
96	3803
97	3828
98	3755
99	3536
100	3525
101	3369
102	3245
103	3281
104	3108
105	3000
106	2990
107	2955
108	2874
109	2880
110	2764
111	2663
112	2683
113	2659
114	2578
115	2682
116	2493
117	2634
118	2516
119	2505
120	2507
121	2519
122	2514
123	2480
124	2444
125	2410
126	2420
127	2335
128	2343
129	2315
130	2376
131	2379
132	2284
133	2311
134	2247
135	2306
136	2312
137	2343
138	2306
139	2354
140	2299
141	2197
142	2322
143	2205
144	2275
145	2227
146	2255
147	2209
148	2286
149	2224
150	2204
151	2132
152	2140
153	2037
154	2004
155	2036
156	1953
157	1938
158	1886
159	1773
160	1732
161	1681
162	1601
163	1601
164	1511
165	1493
166	1348
167	1279
168	1235
169	1108
170	993
171	960
172	890
173	912
174	791
175	789
176	703
177	684
178	577
179	609
180	491
181	528
182	507
183	451
184	447
185	421
186	431
187	405
188	400
189	423
190	366
191	397
192	402
193	405
194	445
195	474
196	538
197	552
198	613
199	731
200	814
201	945
202	1117
203	1280
204	1513
205	1758
206	2018
207	2359
208	2766
209	3149
210	3492
211	3944
212	4511
213	5153
214	5476
215	5896
216	6479
217	6946
218	7564
219	8071
220	8596
221	8696
222	9128
223	9234
224	9452
225	9474
226	9534
227	9564
228	9318
229	9341
230	8888
231	8762
232	8442
233	7854
234	7499
235	6930
236	6390
237	6015
238	5419
239	4740
240	4237
241	3828
242	3435
243	2865
244	2454
245	2121
246	1882
247	1612
248	1193
249	1007
250	838
251	641
252	559
253	445
254	308
255	280
256	229
257	185
258	151
259	118
260	91
261	101
262	94
263	76
264	75
265	81
266	60
267	58
268	64
269	59
270	49
271	57
272	65
273	55
274	67
275	51
276	55
277	58
278	63
279	54
280	49
281	47
282	64
283	57
284	62
285	49
286	46
287	59
288	45
289	71
290	41
291	70
292	55
293	60
294	54
295	54
296	47
297	75
298	54
299	53
300	57
301	65
302	61
303	61
304	50
305	60
306	63
307	51
308	57
309	51
310	40
311	50
312	57
313	50
314	60
315	39
316	50
317	50
318	45
319	52
320	52
321	51
322	56
323	50
324	50
325	45
326	50
327	42
328	38
329	54
330	47
331	55
332	47
333	45
334	50
335	45
336	47
337	41
338	48
339	35
340	28
341	46
342	33
343	47
344	37
345	43
346	49
347	44
348	43
349	40
350	29
351	45
352	35
353	31
354	29
355	54
356	36
357	48
358	40
359	40
360	32
361	43
362	41
363	41
364	41
365	41
366	35
367	42
368	44
369	54
370	35
371	51
372	35
373	35
374	33
375	40
376	48
377	47
378	45
379	47
380	40
381	32
382	22
383	44
384	35
385	27
386	32
387	29
388	34
389	27
390	26
391	44
392	39
393	24
394	38
395	26
396	37
397	35
398	27
399	31
400	33
401	29
402	23
403	29
404	31
405	16
406	27
407	25
408	24
409	24
410	29
411	30
412	24
413	23
414	24
415	28
416	30
417	17
418	24
419	21
420	19
421	25
422	14
423	18
424	11
425	16
426	20
427	19
428	15
429	19
430	7
431	16
432	23
433	16
434	33
435	26
436	24
437	22
438	19
439	20
440	17
441	16
442	17
443	17
444	17
445	15
446	18
447	13
448	22
449	23
450	29
451	14
452	19
453	22
454	19
455	20
456	18
457	18
458	30
459	25
460	26
461	35
462	24
463	36
464	37
465	36
466	39
467	25
468	45
469	32
470	54
471	39
472	45
473	47
474	55
475	49
476	46
477	52
478	44
479	59
480	53
481	61
482	50
483	47
484	46
485	51
486	65
487	61
488	55
489	41
490	53
491	49
492	52
493	38
494	36
495	40
496	36
497	44
498	36
499	33
500	29
501	37
502	29
503	24
504	33
505	27
506	22
507	22
508	23
509	17
510	28
511	16
512	26
513	22
514	10
515	12
516	14
517	14
518	11
519	9
520	9
521	10
522	6
523	9
524	9
525	11
526	8
527	7
528	7
529	7
530	8
531	9
532	14
533	4
534	3
535	7
536	6
537	2
538	4
539	4
540	9
541	4
542	4
543	5
544	8
545	3
546	4
547	4
548	7
549	6
550	6
551	5
552	5
553	4
554	5
555	3
556	6
557	6
558	4
559	6
560	3
561	6
562	5
563	6
564	7
565	6
566	9
567	9
568	5
569	3
570	8
571	1
572	5
573	5
574	6
575	4
576	4
577	3
578	5
579	4
580	5
581	8
582	1
583	6
584	2
585	6
586	8
587	7
588	3
589	4
590	10
591	9
592	4
593	2
594	4
595	6
596	1
597	0
598	3
599	3
600	4
601	5
602	11
603	8
604	6
605	6
606	4
607	2
608	6
609	2
610	3
611	6
612	3
613	2
614	2
615	5
616	3
617	1
618	5
619	6
620	9
621	5
622	3
623	4
624	3
625	4
626	1
627	2
628	2
629	1
630	4
631	2
632	3
633	0
634	3
635	4
636	3
637	4
638	4
639	1
640	2
641	3
642	5
643	6
644	2
645	2
646	1
647	4
648	5
649	2
650	4
651	4
652	3
653	1
654	3
655	5
656	0
657	5
658	2
659	2
660	1
661	1
662	2
663	2
664	2
665	2
666	6
667	3
668	1
669	0
670	3
671	4
672	4
673	4
674	3
675	1
676	4
677	0
678	2
679	4
680	3
681	6
682	0
683	3
684	4
685	5
686	1
687	5
688	2
689	5
690	3
691	2
692	1
693	1
694	5
695	1
696	5
697	5
698	2
699	2
700	2
701	8
702	1
703	0
704	3
705	3
706	3
707	5
708	4
709	2
710	5
711	5
712	7
713	1
714	6
715	4
716	3
717	1
718	3
719	1
720	0
721	4
722	4
723	5
724	2
725	1
726	0
727	6
728	2
729	3
730	7
731	1
732	2
733	3
734	2
735	1
736	5
737	6
738	5
739	1
740	2
741	6
742	2
743	5
744	3
745	7
746	1
747	2
748	0
749	0
750	5
751	7
752	1
753	2
754	2
755	1
756	1
757	0
758	4
759	1
760	2
761	2
762	4
763	1
764	2
765	1
766	0
767	0
768	2
769	4
770	4
771	6
772	1
773	3
774	6
775	0
776	1
777	3
778	3
779	1
780	1
781	1
782	4
783	0
784	4
785	0
786	4
787	0
788	1
789	0
790	1
791	2
792	4
793	2
794	0
795	3
796	1
797	2
798	0
799	0
800	2
801	1
802	1
803	2
804	2
805	2
806	3
807	3
808	1
809	0
810	2
811	0
812	0
813	0
814	1
815	0
816	2
817	3
818	0
819	3
820	0
821	3
822	1
823	2
824	1
825	1
826	1
827	3
828	2
829	2
830	3
831	2
832	0
833	2
834	3
835	4
836	0
837	1
838	2
839	7
840	3
841	2
842	3
843	2
844	2
845	3
846	3
847	0
848	2
849	1
850	5
851	2
852	1
853	3
854	2
855	2
856	2
857	4
858	2
859	4
860	4
861	2
862	3
863	1
864	1
865	3
866	1
867	4
868	3
869	2
870	0
871	1
872	2
873	3
874	1
875	2
876	1
877	2
878	1
879	2
880	2
881	2
882	0
883	2
884	2
885	1
886	2
887	2
888	3
889	0
890	3
891	2
892	1
893	0
894	1
895	0
896	0
897	1
898	2
899	0
900	1
901	2
902	1
903	0
904	0
905	0
906	1
907	1
908	0
909	0
910	2
911	1
912	1
913	2
914	1
915	0
916	0
917	0
918	0
919	0
920	1
921	0
922	0
923	0
924	0
925	0
926	0
927	0
928	0
929	0
930	0
931	0
932	0
933	0
934	0
935	0
936	0
937	0
938	0
939	0
940	0
941	0
942	0
943	0
944	2
945	0
946	0
947	0
948	0
949	0
950	0
951	0
952	1
953	0
954	0
955	0
956	0
957	0
958	0
959	0
960	0
961	0
962	1
963	0
964	0
965	0
966	0
967	0
968	0
969	0
970	0
971	0
972	0
973	0
974	0
975	0
976	0
977	0
978	0
979	0
980	0
981	1
982	0
983	0
984	0
985	0
986	0
987	0
988	0
989	0
990	0
991	0
992	0
993	0
994	0
995	0
996	0
997	0
998	0
999	0
1000	0
1001	0
1002	0
1003	0
1004	0
1005	0
1006	0
1007	0
1008	0
1009	0
1010	0
1011	0
1012	0
1013	0
1014	0
1015	0
1016	0
1017	0
1018	0
1019	0
1020	0
1021	0
1022	0
1023	0