Filename:  live_data.mca
Description:  
TimeStamp:  11/30/2023 13:06:43

Spectral Data Information
Channel	Data
0	0
1	0
2	0
3	0
4	0
5	0
6	0
7	0
8	0
9	0
10	0
11	0
12	0
13	0
14	0
15	0
16	0
17	0
18	0
19	0
20	0
21	0
22	0
23	0
24	0
25	0
26	0
27	0
28	10
29	339
30	1754
31	2450
32	2372
33	2558
34	2436
35	2614
36	2463
37	2497
38	2384
39	2402
40	2355
41	2390
42	2286
43	2269
44	2302
45	2211
46	2159
47	2165
48	2135
49	2060
50	2097
51	2034
52	2061
53	1854
54	1943
55	1940
56	1926
57	1962
58	1921
59	1839
60	1881
61	1833
62	1699
63	1765
64	1735
65	1745
66	1744
67	1593
68	1727
69	1627
70	1649
71	1600
72	1587
73	1531
74	1520
75	1417
76	1378
77	1374
78	1333
79	1309
80	1325
81	1349
82	1223
83	1280
84	1212
85	1169
86	1181
87	1111
88	1166
89	1124
90	1073
91	1096
92	1037
93	1030
94	1078
95	976
96	936
97	1001
98	905
99	944
100	850
101	912
102	882
103	907
104	850
105	868
106	886
107	843
108	841
109	795
110	791
111	781
112	776
113	798
114	742
115	735
116	744
117	711
118	754
119	774
120	726
121	684
122	745
123	698
124	661
125	682
126	645
127	651
128	697
129	673
130	619
131	665
132	702
133	637
134	672
135	623
136	644
137	661
138	630
139	682
140	675
141	624
142	622
143	626
144	640
145	639
146	626
147	601
148	614
149	597
150	610
151	614
152	565
153	589
154	601
155	596
156	600
157	596
158	594
159	541
160	567
161	548
162	543
163	551
164	547
165	516
166	493
167	510
168	468
169	478
170	470
171	510
172	484
173	444
174	465
175	427
176	413
177	433
178	415
179	452
180	408
181	387
182	420
183	410
184	400
185	387
186	415
187	406
188	418
189	434
190	402
191	416
192	366
193	398
194	396
195	389
196	395
197	408
198	419
199	418
200	422
201	438
202	488
203	467
204	463
205	519
206	554
207	590
208	596
209	623
210	679
211	687
212	740
213	801
214	892
215	864
216	904
217	967
218	1100
219	1016
220	1106
221	1125
222	1183
223	1171
224	1149
225	1167
226	1179
227	1153
228	1186
229	1139
230	1141
231	1022
232	1015
233	1019
234	942
235	850
236	789
237	748
238	681
239	602
240	531
241	494
242	438
243	386
244	380
245	304
246	289
247	234
248	217
249	188
250	147
251	128
252	124
253	92
254	84
255	78
256	70
257	68
258	73
259	67
260	57
261	44
262	38
263	65
264	60
265	57
266	59
267	57
268	52
269	56
270	58
271	55
272	60
273	46
274	48
275	53
276	50
277	51
278	55
279	45
280	40
281	58
282	56
283	39
284	60
285	50
286	53
287	39
288	43
289	42
290	51
291	41
292	37
293	43
294	41
295	51
296	56
297	47
298	46
299	32
300	56
301	60
302	52
303	47
304	74
305	53
306	43
307	36
308	42
309	50
310	55
311	42
312	51
313	52
314	53
315	43
316	30
317	49
318	42
319	45
320	53
321	47
322	38
323	47
324	53
325	39
326	54
327	38
328	46
329	61
330	28
331	37
332	39
333	40
334	40
335	37
336	51
337	30
338	38
339	46
340	38
341	37
342	46
343	39
344	45
345	38
346	37
347	32
348	37
349	48
350	34
351	37
352	30
353	40
354	52
355	34
356	33
357	33
358	43
359	35
360	38
361	32
362	40
363	48
364	35
365	41
366	35
367	43
368	42
369	39
370	40
371	36
372	34
373	38
374	48
375	43
376	47
377	44
378	39
379	41
380	30
381	43
382	26
383	35
384	36
385	34
386	34
387	33
388	35
389	38
390	35
391	35
392	27
393	28
394	33
395	27
396	26
397	38
398	31
399	28
400	33
401	18
402	37
403	25
404	22
405	30
406	21
407	28
408	29
409	23
410	24
411	15
412	22
413	18
414	18
415	27
416	17
417	23
418	18
419	21
420	24
421	17
422	21
423	25
424	23
425	19
426	22
427	20
428	18
429	21
430	11
431	17
432	14
433	20
434	16
435	12
436	15
437	14
438	14
439	16
440	16
441	24
442	20
443	12
444	15
445	14
446	17
447	14
448	15
449	17
450	17
451	11
452	17
453	27
454	25
455	24
456	23
457	27
458	16
459	30
460	24
461	21
462	26
463	37
464	24
465	26
466	26
467	20
468	34
469	42
470	40
471	37
472	61
473	48
474	50
475	36
476	46
477	43
478	43
479	38
480	57
481	51
482	43
483	43
484	47
485	47
486	48
487	44
488	46
489	50
490	57
491	38
492	50
493	44
494	33
495	41
496	47
497	40
498	33
499	35
500	25
501	34
502	28
503	33
504	28
505	25
506	33
507	26
508	23
509	16
510	22
511	15
512	22
513	13
514	10
515	15
516	24
517	14
518	16
519	9
520	10
521	6
522	9
523	7
524	8
525	8
526	8
527	6
528	6
529	7
530	9
531	8
532	6
533	5
534	3
535	9
536	8
537	6
538	7
539	6
540	6
541	8
542	8
543	8
544	4
545	3
546	7
547	7
548	3
549	3
550	4
551	9
552	2
553	5
554	3
555	4
556	7
557	4
558	3
559	9
560	5
561	7
562	7
563	7
564	8
565	4
566	5
567	8
568	1
569	0
570	8
571	4
572	5
573	5
574	8
575	4
576	3
577	6
578	5
579	2
580	7
581	4
582	5
583	7
584	5
585	6
586	2
587	7
588	2
589	4
590	3
591	3
592	1
593	6
594	5
595	4
596	4
597	6
598	5
599	6
600	4
601	5
602	4
603	3
604	6
605	4
606	5
607	5
608	1
609	2
610	0
611	1
612	3
613	4
614	4
615	2
616	2
617	3
618	3
619	6
620	5
621	2
622	2
623	3
624	1
625	2
626	2
627	3
628	3
629	2
630	3
631	3
632	2
633	7
634	5
635	1
636	2
637	5
638	1
639	3
640	6
641	2
642	2
643	3
644	3
645	2
646	3
647	5
648	1
649	3
650	3
651	1
652	4
653	0
654	4
655	2
656	3
657	1
658	2
659	6
660	3
661	1
662	4
663	2
664	4
665	2
666	4
667	6
668	4
669	3
670	2
671	5
672	2
673	5
674	0
675	3
676	4
677	3
678	2
679	1
680	3
681	0
682	2
683	4
684	4
685	3
686	1
687	2
688	2
689	2
690	2
691	3
692	4
693	5
694	5
695	2
696	2
697	3
698	5
699	2
700	1
701	0
702	3
703	5
704	1
705	1
706	0
707	4
708	4
709	4
710	3
711	2
712	3
713	5
714	2
715	5
716	5
717	5
718	1
719	4
720	2
721	0
722	2
723	6
724	0
725	3
726	1
727	0
728	4
729	3
730	3
731	5
732	3
733	1
734	3
735	4
736	3
737	0
738	1
739	2
740	2
741	5
742	5
743	2
744	3
745	4
746	1
747	1
748	2
749	3
750	6
751	1
752	3
753	4
754	0
755	2
756	1
757	1
758	5
759	2
760	3
761	1
762	2
763	2
764	2
765	1
766	2
767	3
768	1
769	1
770	1
771	2
772	5
773	1
774	4
775	2
776	3
777	2
778	2
779	3
780	3
781	2
782	1
783	1
784	1
785	3
786	3
787	0
788	1
789	4
790	2
791	0
792	2
793	2
794	4
795	1
796	0
797	1
798	2
799	1
800	2
801	0
802	2
803	1
804	0
805	3
806	0
807	5
808	0
809	2
810	1
811	2
812	0
813	1
814	1
815	2
816	3
817	2
818	0
819	1
820	1
821	1
822	3
823	4
824	1
825	2
826	0
827	3
828	1
829	3
830	1
831	1
832	1
833	1
834	2
835	2
836	2
837	3
838	1
839	3
840	3
841	2
842	3
843	2
844	0
845	2
846	2
847	4
848	0
849	4
850	0
851	3
852	3
853	2
854	5
855	0
856	3
857	4
858	2
859	3
860	1
861	2
862	1
863	5
864	3
865	1
866	0
867	1
868	2
869	4
870	4
871	3
872	1
873	2
874	4
875	1
876	3
877	1
878	0
879	3
880	1
881	1
882	1
883	3
884	4
885	0
886	0
887	3
888	0
889	4
890	0
891	3
892	0
893	0
894	1
895	0
896	1
897	2
898	0
899	2
900	1
901	0
902	2
903	2
904	0
905	2
906	0
907	1
908	0
909	0
910	1
911	0
912	0
913	0
914	0
915	0
916	0
917	0
918	0
919	0
920	0
921	0
922	0
923	0
924	0
925	0
926	0
927	0
928	0
929	0
930	0
931	0
932	1
933	0
934	0
935	0
936	0
937	0
938	0
939	0
940	0
941	0
942	0
943	0
944	0
945	0
946	2
947	0
948	0
949	1
950	0
951	0
952	1
953	0
954	0
955	1
956	1
957	0
958	0
959	0
960	0
961	0
962	0
963	1
964	0
965	0
966	0
967	0
968	0
969	0
970	0
971	0
972	0
973	0
974	0
975	0
976	0
977	0
978	0
979	0
980	0
981	0
982	0
983	0
984	0
985	0
986	1
987	0
988	0
989	0
990	0
991	1
992	0
993	0
994	0
995	0
996	0
997	0
998	0
999	0
1000	0
1001	0
1002	0
1003	0
1004	0
1005	0
1006	0
1007	0
1008	0
1009	0
1010	0
1011	0
1012	0
1013	0
1014	0
1015	0
1016	0
1017	0
1018	0
1019	0
1020	0
1021	0
1022	0
1023	0