Filename:  live_data.mca
Description:  
TimeStamp:  11/30/2023 13:29:12

Spectral Data Information
Channel	Data
0	0
1	0
2	0
3	0
4	0
5	0
6	0
7	0
8	0
9	0
10	0
11	0
12	0
13	0
14	0
15	0
16	0
17	0
18	0
19	0
20	0
21	0
22	0
23	0
24	0
25	0
26	0
27	0
28	12
29	383
30	2242
31	2844
32	2814
33	2879
34	2967
35	3055
36	3041
37	2886
38	2889
39	2885
40	2850
41	2821
42	2711
43	2720
44	2733
45	2683
46	2672
47	2639
48	2745
49	2592
50	2442
51	2547
52	2405
53	2482
54	2426
55	2497
56	2358
57	2371
58	2454
59	2448
60	2348
61	2409
62	2336
63	2261
64	2311
65	2325
66	2215
67	2145
68	2181
69	2154
70	2101
71	2010
72	2014
73	2031
74	1961
75	1901
76	1961
77	1898
78	1843
79	1842
80	1769
81	1758
82	1719
83	1680
84	1724
85	1695
86	1668
87	1624
88	1635
89	1636
90	1551
91	1545
92	1538
93	1524
94	1442
95	1463
96	1442
97	1447
98	1417
99	1439
100	1349
101	1404
102	1328
103	1351
104	1293
105	1382
106	1355
107	1318
108	1336
109	1287
110	1322
111	1264
112	1301
113	1313
114	1295
115	1322
116	1243
117	1209
118	1212
119	1261
120	1248
121	1212
122	1205
123	1167
124	1196
125	1244
126	1240
127	1198
128	1242
129	1222
130	1212
131	1156
132	1161
133	1152
134	1180
135	1156
136	1139
137	1151
138	1178
139	1157
140	1209
141	1177
142	1138
143	1148
144	1141
145	1167
146	1073
147	1134
148	1116
149	1195
150	1094
151	1097
152	1135
153	1035
154	1049
155	1102
156	1039
157	1029
158	1080
159	1010
160	1010
161	999
162	977
163	910
164	904
165	886
166	855
167	828
168	839
169	797
170	792
171	785
172	798
173	747
174	743
175	733
176	697
177	666
178	643
179	603
180	685
181	650
182	646
183	643
184	594
185	625
186	622
187	617
188	610
189	608
190	590
191	616
192	600
193	589
194	606
195	604
196	621
197	611
198	624
199	629
200	663
201	712
202	743
203	761
204	883
205	852
206	951
207	1006
208	1088
209	1204
210	1268
211	1421
212	1503
213	1608
214	1683
215	1804
216	1983
217	2101
218	2286
219	2241
220	2432
221	2563
222	2553
223	2689
224	2689
225	2768
226	2821
227	2658
228	2678
229	2591
230	2588
231	2547
232	2329
233	2236
234	2158
235	1938
236	1850
237	1620
238	1614
239	1430
240	1263
241	1042
242	1004
243	852
244	742
245	648
246	612
247	518
248	381
249	342
250	267
251	243
252	187
253	173
254	154
255	122
256	101
257	84
258	98
259	77
260	77
261	58
262	68
263	60
264	60
265	63
266	60
267	54
268	67
269	54
270	52
271	47
272	48
273	66
274	51
275	47
276	48
277	54
278	57
279	50
280	39
281	46
282	57
283	42
284	59
285	46
286	46
287	56
288	58
289	48
290	53
291	53
292	46
293	50
294	58
295	36
296	49
297	58
298	46
299	41
300	46
301	47
302	55
303	52
304	56
305	46
306	52
307	46
308	60
309	44
310	50
311	50
312	41
313	54
314	36
315	60
316	49
317	43
318	49
319	47
320	35
321	50
322	32
323	53
324	48
325	51
326	45
327	45
328	54
329	33
330	32
331	50
332	46
333	45
334	41
335	42
336	48
337	43
338	38
339	41
340	34
341	31
342	38
343	40
344	33
345	29
346	42
347	43
348	41
349	36
350	41
351	48
352	31
353	42
354	36
355	50
356	34
357	41
358	40
359	35
360	46
361	36
362	32
363	34
364	24
365	53
366	29
367	31
368	39
369	48
370	35
371	38
372	34
373	41
374	33
375	30
376	34
377	43
378	43
379	36
380	42
381	30
382	30
383	35
384	26
385	38
386	20
387	36
388	35
389	27
390	30
391	28
392	26
393	30
394	33
395	25
396	29
397	32
398	27
399	33
400	19
401	32
402	37
403	31
404	24
405	29
406	19
407	22
408	23
409	27
410	24
411	33
412	25
413	23
414	25
415	24
416	24
417	20
418	23
419	13
420	21
421	15
422	20
423	18
424	18
425	15
426	31
427	13
428	21
429	18
430	22
431	29
432	18
433	22
434	18
435	11
436	14
437	19
438	19
439	21
440	15
441	14
442	21
443	13
444	18
445	15
446	15
447	19
448	16
449	18
450	14
451	22
452	16
453	25
454	22
455	23
456	20
457	21
458	21
459	23
460	28
461	18
462	32
463	32
464	34
465	36
466	33
467	37
468	35
469	30
470	36
471	36
472	29
473	43
474	42
475	51
476	43
477	33
478	42
479	48
480	39
481	44
482	56
483	41
484	61
485	38
486	46
487	45
488	58
489	44
490	44
491	55
492	43
493	38
494	43
495	37
496	37
497	43
498	39
499	23
500	30
501	33
502	33
503	35
504	21
505	24
506	31
507	23
508	21
509	23
510	20
511	19
512	23
513	14
514	12
515	12
516	19
517	21
518	14
519	14
520	7
521	9
522	9
523	7
524	11
525	8
526	5
527	6
528	8
529	4
530	5
531	11
532	3
533	7
534	6
535	10
536	6
537	7
538	7
539	3
540	3
541	2
542	5
543	7
544	6
545	5
546	6
547	3
548	9
549	4
550	5
551	4
552	3
553	5
554	0
555	4
556	7
557	4
558	4
559	9
560	3
561	4
562	6
563	5
564	2
565	5
566	6
567	3
568	2
569	8
570	6
571	3
572	7
573	4
574	7
575	3
576	6
577	2
578	4
579	5
580	5
581	4
582	9
583	5
584	6
585	4
586	3
587	5
588	4
589	2
590	5
591	2
592	4
593	5
594	7
595	5
596	5
597	3
598	8
599	6
600	5
601	5
602	5
603	3
604	8
605	4
606	3
607	2
608	2
609	1
610	3
611	3
612	4
613	4
614	5
615	3
616	4
617	7
618	5
619	2
620	4
621	1
622	3
623	2
624	2
625	5
626	4
627	3
628	3
629	4
630	4
631	1
632	4
633	0
634	3
635	2
636	1
637	2
638	0
639	5
640	2
641	1
642	1
643	2
644	0
645	3
646	2
647	2
648	1
649	2
650	7
651	3
652	6
653	2
654	4
655	0
656	1
657	2
658	4
659	0
660	2
661	2
662	6
663	3
664	2
665	3
666	6
667	6
668	1
669	1
670	3
671	2
672	3
673	5
674	1
675	2
676	4
677	5
678	2
679	1
680	5
681	6
682	1
683	2
684	3
685	3
686	3
687	6
688	5
689	4
690	5
691	3
692	2
693	2
694	5
695	2
696	1
697	6
698	2
699	2
700	4
701	4
702	1
703	2
704	4
705	3
706	3
707	3
708	3
709	3
710	5
711	6
712	6
713	6
714	3
715	2
716	1
717	4
718	5
719	3
720	3
721	6
722	3
723	2
724	1
725	1
726	6
727	5
728	1
729	1
730	4
731	4
732	3
733	4
734	2
735	2
736	6
737	7
738	3
739	4
740	2
741	2
742	1
743	4
744	1
745	2
746	4
747	2
748	1
749	3
750	2
751	3
752	3
753	1
754	1
755	4
756	1
757	3
758	5
759	0
760	6
761	1
762	4
763	2
764	3
765	1
766	1
767	6
768	2
769	3
770	4
771	2
772	1
773	2
774	0
775	1
776	0
777	3
778	1
779	1
780	0
781	2
782	1
783	2
784	1
785	0
786	0
787	0
788	2
789	0
790	1
791	4
792	1
793	4
794	2
795	3
796	0
797	0
798	0
799	1
800	0
801	3
802	1
803	3
804	1
805	0
806	0
807	2
808	2
809	3
810	0
811	1
812	1
813	1
814	1
815	0
816	1
817	0
818	1
819	2
820	1
821	1
822	0
823	2
824	2
825	0
826	2
827	1
828	0
829	3
830	2
831	1
832	4
833	3
834	2
835	4
836	2
837	1
838	0
839	2
840	2
841	0
842	3
843	3
844	3
845	1
846	2
847	3
848	5
849	0
850	5
851	5
852	5
853	6
854	5
855	1
856	0
857	6
858	3
859	0
860	3
861	4
862	2
863	1
864	2
865	0
866	2
867	3
868	2
869	4
870	1
871	1
872	1
873	2
874	2
875	2
876	3
877	3
878	0
879	1
880	0
881	0
882	2
883	1
884	0
885	4
886	0
887	0
888	3
889	3
890	1
891	0
892	3
893	3
894	3
895	1
896	2
897	0
898	0
899	2
900	1
901	1
902	0
903	0
904	1
905	0
906	0
907	0
908	0
909	2
910	1
911	1
912	0
913	0
914	0
915	0
916	0
917	0
918	0
919	0
920	0
921	0
922	1
923	0
924	1
925	0
926	0
927	0
928	0
929	0
930	1
931	0
932	0
933	0
934	0
935	0
936	0
937	0
938	0
939	0
940	0
941	0
942	0
943	0
944	1
945	0
946	0
947	0
948	0
949	0
950	0
951	1
952	0
953	0
954	0
955	0
956	0
957	0
958	0
959	0
960	1
961	0
962	0
963	0
964	0
965	0
966	1
967	0
968	0
969	0
970	0
971	1
972	0
973	1
974	0
975	0
976	0
977	0
978	0
979	1
980	0
981	0
982	0
983	1
984	0
985	0
986	0
987	0
988	0
989	0
990	0
991	0
992	0
993	0
994	0
995	0
996	0
997	0
998	0
999	0
1000	0
1001	0
1002	0
1003	0
1004	0
1005	0
1006	0
1007	0
1008	0
1009	0
1010	0
1011	0
1012	0
1013	0
1014	0
1015	0
1016	0
1017	0
1018	0
1019	0
1020	0
1021	0
1022	0
1023	0