Filename:  live_data.mca
Description:  
TimeStamp:  11/30/2023 13:18:06

Spectral Data Information
Channel	Data
0	0
1	0
2	0
3	0
4	0
5	0
6	0
7	0
8	0
9	0
10	0
11	0
12	0
13	0
14	0
15	0
16	0
17	0
18	0
19	0
20	0
21	0
22	0
23	0
24	0
25	0
26	0
27	0
28	8
29	365
30	1941
31	2622
32	2632
33	2726
34	2608
35	2595
36	2698
37	2654
38	2577
39	2619
40	2619
41	2473
42	2441
43	2534
44	2508
45	2452
46	2394
47	2261
48	2245
49	2250
50	2268
51	2244
52	2197
53	2159
54	2130
55	2135
56	2171
57	2133
58	1986
59	2029
60	2050
61	1943
62	2044
63	1987
64	1960
65	1985
66	1908
67	1840
68	1854
69	1879
70	1778
71	1873
72	1785
73	1761
74	1721
75	1675
76	1672
77	1560
78	1557
79	1535
80	1518
81	1500
82	1546
83	1441
84	1499
85	1382
86	1263
87	1347
88	1351
89	1385
90	1285
91	1210
92	1200
93	1232
94	1211
95	1156
96	1155
97	1258
98	1184
99	1122
100	1125
101	1100
102	1138
103	1041
104	1062
105	1015
106	1017
107	1033
108	1024
109	1028
110	1013
111	1025
112	1030
113	927
114	922
115	974
116	1033
117	946
118	942
119	905
120	957
121	950
122	898
123	907
124	924
125	918
126	912
127	892
128	921
129	935
130	868
131	932
132	884
133	857
134	892
135	874
136	840
137	847
138	891
139	828
140	821
141	869
142	834
143	829
144	846
145	856
146	791
147	864
148	817
149	820
150	815
151	792
152	765
153	818
154	769
155	832
156	820
157	789
158	761
159	726
160	731
161	704
162	726
163	714
164	679
165	693
166	681
167	662
168	654
169	636
170	625
171	631
172	578
173	554
174	551
175	583
176	547
177	580
178	563
179	525
180	520
181	527
182	467
183	495
184	529
185	495
186	532
187	481
188	505
189	461
190	494
191	515
192	498
193	480
194	500
195	488
196	479
197	534
198	493
199	560
200	566
201	589
202	607
203	605
204	643
205	652
206	717
207	734
208	811
209	923
210	976
211	1033
212	1046
213	1160
214	1154
215	1304
216	1397
217	1464
218	1496
219	1599
220	1698
221	1639
222	1716
223	1766
224	1823
225	1872
226	1774
227	1760
228	1686
229	1761
230	1718
231	1552
232	1499
233	1516
234	1332
235	1326
236	1223
237	1132
238	998
239	925
240	854
241	743
242	664
243	573
244	517
245	419
246	389
247	339
248	305
249	239
250	224
251	187
252	133
253	122
254	126
255	95
256	93
257	78
258	67
259	59
260	72
261	72
262	57
263	59
264	51
265	62
266	45
267	60
268	75
269	51
270	45
271	67
272	49
273	46
274	64
275	40
276	46
277	56
278	52
279	46
280	59
281	54
282	47
283	56
284	62
285	35
286	45
287	52
288	42
289	42
290	50
291	57
292	59
293	49
294	39
295	61
296	51
297	46
298	42
299	44
300	49
301	50
302	45
303	46
304	53
305	49
306	45
307	54
308	47
309	43
310	44
311	43
312	42
313	55
314	47
315	34
316	55
317	55
318	38
319	50
320	50
321	58
322	37
323	30
324	53
325	40
326	41
327	50
328	44
329	39
330	38
331	48
332	47
333	47
334	48
335	46
336	34
337	37
338	33
339	47
340	36
341	29
342	36
343	38
344	36
345	37
346	31
347	46
348	37
349	37
350	41
351	41
352	38
353	35
354	53
355	41
356	39
357	24
358	33
359	29
360	40
361	45
362	41
363	37
364	46
365	48
366	42
367	27
368	38
369	28
370	45
371	28
372	43
373	37
374	36
375	45
376	37
377	40
378	29
379	39
380	42
381	35
382	29
383	35
384	37
385	35
386	36
387	41
388	39
389	36
390	32
391	34
392	32
393	31
394	34
395	39
396	33
397	32
398	25
399	27
400	39
401	36
402	25
403	26
404	30
405	32
406	27
407	25
408	29
409	25
410	31
411	31
412	27
413	29
414	23
415	24
416	20
417	22
418	17
419	23
420	23
421	18
422	11
423	13
424	13
425	13
426	12
427	25
428	20
429	15
430	13
431	17
432	22
433	15
434	15
435	13
436	14
437	16
438	14
439	25
440	16
441	21
442	13
443	18
444	20
445	16
446	19
447	17
448	13
449	18
450	15
451	19
452	18
453	21
454	24
455	21
456	19
457	27
458	20
459	26
460	20
461	34
462	19
463	24
464	34
465	26
466	35
467	27
468	35
469	32
470	41
471	40
472	32
473	34
474	53
475	55
476	54
477	43
478	48
479	48
480	54
481	41
482	64
483	57
484	59
485	49
486	32
487	37
488	41
489	47
490	44
491	53
492	38
493	43
494	36
495	39
496	50
497	34
498	39
499	36
500	31
501	30
502	31
503	25
504	42
505	21
506	20
507	27
508	20
509	25
510	21
511	21
512	13
513	19
514	17
515	12
516	11
517	9
518	8
519	11
520	9
521	15
522	13
523	10
524	7
525	4
526	14
527	5
528	5
529	5
530	3
531	9
532	10
533	5
534	2
535	5
536	4
537	7
538	3
539	3
540	6
541	5
542	8
543	5
544	10
545	2
546	3
547	2
548	6
549	2
550	4
551	6
552	8
553	9
554	4
555	3
556	4
557	5
558	4
559	8
560	2
561	4
562	5
563	4
564	3
565	4
566	3
567	5
568	3
569	5
570	6
571	3
572	2
573	5
574	4
575	6
576	12
577	7
578	6
579	4
580	5
581	5
582	6
583	4
584	7
585	4
586	10
587	6
588	9
589	8
590	2
591	6
592	4
593	4
594	3
595	5
596	3
597	4
598	5
599	4
600	5
601	0
602	3
603	9
604	2
605	9
606	6
607	2
608	2
609	5
610	1
611	2
612	4
613	6
614	1
615	2
616	5
617	3
618	3
619	5
620	3
621	6
622	1
623	4
624	3
625	1
626	1
627	8
628	1
629	5
630	2
631	7
632	1
633	1
634	1
635	5
636	1
637	3
638	2
639	4
640	2
641	0
642	4
643	3
644	3
645	2
646	0
647	1
648	1
649	1
650	2
651	4
652	1
653	1
654	4
655	3
656	3
657	4
658	6
659	3
660	3
661	5
662	4
663	2
664	1
665	2
666	1
667	1
668	1
669	1
670	5
671	2
672	3
673	3
674	4
675	3
676	6
677	1
678	4
679	3
680	2
681	6
682	4
683	1
684	5
685	0
686	2
687	4
688	2
689	2
690	1
691	1
692	3
693	4
694	3
695	4
696	7
697	5
698	3
699	4
700	5
701	4
702	1
703	3
704	2
705	0
706	3
707	1
708	4
709	2
710	2
711	2
712	6
713	4
714	2
715	1
716	4
717	6
718	3
719	10
720	4
721	1
722	4
723	2
724	2
725	3
726	3
727	4
728	4
729	3
730	4
731	5
732	2
733	4
734	2
735	2
736	3
737	2
738	3
739	9
740	2
741	0
742	5
743	0
744	7
745	4
746	2
747	7
748	4
749	1
750	1
751	2
752	1
753	4
754	1
755	1
756	1
757	4
758	2
759	2
760	5
761	1
762	2
763	1
764	0
765	2
766	1
767	5
768	0
769	2
770	3
771	0
772	4
773	4
774	2
775	0
776	3
777	2
778	5
779	3
780	0
781	4
782	0
783	1
784	0
785	1
786	0
787	1
788	2
789	3
790	1
791	3
792	0
793	1
794	2
795	2
796	1
797	1
798	1
799	3
800	2
801	2
802	1
803	2
804	1
805	0
806	2
807	1
808	1
809	0
810	1
811	2
812	0
813	1
814	2
815	0
816	1
817	1
818	1
819	2
820	0
821	4
822	1
823	1
824	5
825	2
826	1
827	1
828	3
829	5
830	1
831	4
832	3
833	3
834	1
835	2
836	3
837	1
838	2
839	0
840	3
841	0
842	3
843	2
844	4
845	2
846	3
847	2
848	3
849	0
850	1
851	1
852	2
853	0
854	5
855	2
856	1
857	4
858	4
859	2
860	5
861	4
862	8
863	4
864	2
865	2
866	1
867	4
868	2
869	2
870	2
871	3
872	2
873	3
874	2
875	2
876	2
877	3
878	3
879	1
880	1
881	1
882	1
883	2
884	1
885	0
886	5
887	0
888	0
889	0
890	2
891	1
892	0
893	0
894	2
895	1
896	1
897	2
898	1
899	2
900	1
901	1
902	1
903	0
904	0
905	1
906	1
907	0
908	1
909	3
910	0
911	1
912	0
913	0
914	2
915	1
916	1
917	2
918	0
919	0
920	1
921	0
922	1
923	0
924	1
925	0
926	0
927	0
928	0
929	0
930	0
931	0
932	0
933	0
934	0
935	0
936	0
937	0
938	0
939	0
940	0
941	0
942	0
943	0
944	0
945	0
946	0
947	0
948	0
949	0
950	1
951	0
952	0
953	0
954	0
955	0
956	0
957	0
958	0
959	0
960	0
961	0
962	0
963	0
964	0
965	0
966	0
967	0
968	0
969	0
970	0
971	0
972	0
973	0
974	0
975	0
976	0
977	0
978	0
979	0
980	0
981	0
982	1
983	0
984	0
985	0
986	0
987	0
988	0
989	0
990	1
991	0
992	0
993	0
994	0
995	0
996	0
997	0
998	0
999	0
1000	0
1001	0
1002	0
1003	0
1004	0
1005	0
1006	0
1007	0
1008	0
1009	0
1010	0
1011	0
1012	0
1013	0
1014	0
1015	0
1016	0
1017	0
1018	0
1019	0
1020	0
1021	0
1022	0
1023	0