Filename:  live_data.mca
Description:  
TimeStamp:  11/30/2023 14:18:32

Spectral Data Information
Channel	Data
0	0
1	0
2	0
3	0
4	0
5	0
6	0
7	0
8	0
9	0
10	0
11	0
12	0
13	0
14	0
15	0
16	0
17	0
18	0
19	0
20	0
21	0
22	0
23	0
24	0
25	0
26	0
27	0
28	5
29	381
30	2928
31	3682
32	3707
33	3929
34	3813
35	3778
36	3900
37	3750
38	3725
39	3728
40	3675
41	3590
42	3537
43	3488
44	3611
45	3454
46	3507
47	3374
48	3465
49	3386
50	3325
51	3246
52	3328
53	3268
54	3407
55	3315
56	3271
57	3213
58	3344
59	3191
60	3274
61	3159
62	3195
63	3170
64	3176
65	3114
66	3314
67	3139
68	3200
69	3141
70	3101
71	3091
72	3051
73	3065
74	3067
75	2982
76	3005
77	2917
78	2958
79	2883
80	2932
81	2896
82	2813
83	2845
84	2743
85	2764
86	2732
87	2711
88	2730
89	2722
90	2709
91	2623
92	2562
93	2563
94	2498
95	2535
96	2490
97	2504
98	2451
99	2437
100	2403
101	2402
102	2364
103	2291
104	2258
105	2227
106	2197
107	2274
108	2261
109	2238
110	2244
111	2180
112	2150
113	2136
114	2172
115	2087
116	2218
117	2069
118	2155
119	2082
120	2171
121	2171
122	2112
123	2187
124	2148
125	2116
126	1998
127	2142
128	1986
129	2057
130	2072
131	2101
132	2056
133	2007
134	2055
135	1965
136	2016
137	2169
138	1946
139	1941
140	2038
141	1981
142	1978
143	1975
144	1943
145	1930
146	2007
147	1840
148	1936
149	1938
150	1874
151	1906
152	1845
153	1817
154	1768
155	1852
156	1713
157	1670
158	1679
159	1676
160	1625
161	1541
162	1512
163	1481
164	1433
165	1328
166	1374
167	1227
168	1191
169	1186
170	1051
171	1102
172	1060
173	1006
174	1002
175	911
176	912
177	872
178	818
179	812
180	802
181	740
182	737
183	766
184	725
185	681
186	688
187	719
188	625
189	617
190	649
191	677
192	704
193	680
194	704
195	686
196	742
197	753
198	781
199	836
200	895
201	957
202	1056
203	1176
204	1369
205	1465
206	1703
207	1829
208	2021
209	2310
210	2553
211	2856
212	3106
213	3417
214	3849
215	4086
216	4377
217	4653
218	5104
219	5252
220	5495
221	5652
222	5835
223	5933
224	6325
225	6190
226	6289
227	6071
228	6223
229	6192
230	5734
231	5735
232	5501
233	5202
234	4828
235	4564
236	4095
237	3828
238	3490
239	3166
240	2799
241	2575
242	2257
243	2038
244	1689
245	1479
246	1208
247	991
248	852
249	707
250	590
251	508
252	368
253	314
254	234
255	212
256	173
257	113
258	109
259	100
260	98
261	86
262	72
263	58
264	66
265	72
266	75
267	51
268	51
269	71
270	61
271	67
272	62
273	50
274	66
275	57
276	81
277	62
278	52
279	46
280	50
281	60
282	56
283	49
284	57
285	52
286	49
287	57
288	54
289	48
290	64
291	59
292	45
293	50
294	57
295	49
296	47
297	46
298	68
299	47
300	52
301	42
302	51
303	54
304	46
305	56
306	52
307	54
308	50
309	45
310	58
311	62
312	50
313	61
314	53
315	45
316	54
317	48
318	54
319	59
320	48
321	46
322	48
323	47
324	42
325	45
326	45
327	41
328	49
329	51
330	62
331	42
332	37
333	36
334	49
335	44
336	45
337	37
338	46
339	31
340	42
341	38
342	37
343	45
344	34
345	30
346	43
347	42
348	42
349	44
350	46
351	45
352	41
353	40
354	30
355	43
356	49
357	42
358	34
359	43
360	32
361	44
362	30
363	34
364	51
365	35
366	49
367	33
368	34
369	44
370	27
371	45
372	43
373	39
374	39
375	43
376	35
377	30
378	36
379	29
380	45
381	46
382	33
383	41
384	31
385	32
386	42
387	37
388	41
389	19
390	35
391	43
392	34
393	34
394	46
395	43
396	21
397	27
398	27
399	37
400	34
401	39
402	35
403	25
404	31
405	29
406	31
407	22
408	33
409	26
410	28
411	25
412	17
413	29
414	31
415	23
416	29
417	21
418	29
419	25
420	29
421	20
422	31
423	14
424	13
425	22
426	16
427	21
428	13
429	19
430	21
431	16
432	18
433	21
434	22
435	23
436	24
437	24
438	15
439	19
440	16
441	23
442	20
443	16
444	27
445	18
446	17
447	25
448	13
449	16
450	28
451	21
452	22
453	31
454	19
455	19
456	23
457	29
458	18
459	23
460	23
461	38
462	32
463	34
464	37
465	37
466	23
467	42
468	47
469	42
470	44
471	50
472	54
473	53
474	42
475	43
476	43
477	48
478	38
479	41
480	57
481	49
482	47
483	42
484	48
485	54
486	46
487	53
488	51
489	43
490	46
491	44
492	43
493	46
494	52
495	36
496	28
497	36
498	26
499	38
500	25
501	29
502	39
503	34
504	30
505	27
506	23
507	29
508	17
509	20
510	22
511	21
512	11
513	19
514	18
515	7
516	18
517	12
518	16
519	5
520	12
521	10
522	10
523	14
524	7
525	11
526	10
527	8
528	3
529	7
530	9
531	5
532	7
533	5
534	4
535	4
536	8
537	4
538	14
539	8
540	10
541	4
542	4
543	7
544	4
545	8
546	11
547	5
548	8
549	9
550	4
551	4
552	3
553	2
554	7
555	5
556	3
557	5
558	6
559	8
560	4
561	2
562	4
563	5
564	5
565	5
566	7
567	1
568	4
569	3
570	6
571	6
572	6
573	2
574	8
575	7
576	5
577	5
578	7
579	2
580	2
581	8
582	3
583	3
584	7
585	4
586	4
587	5
588	7
589	1
590	3
591	4
592	2
593	5
594	3
595	9
596	4
597	4
598	4
599	5
600	4
601	4
602	4
603	4
604	3
605	7
606	6
607	3
608	3
609	5
610	3
611	8
612	5
613	4
614	2
615	9
616	4
617	3
618	3
619	4
620	2
621	1
622	4
623	0
624	3
625	5
626	3
627	5
628	4
629	3
630	2
631	3
632	2
633	4
634	2
635	3
636	1
637	1
638	3
639	3
640	4
641	1
642	1
643	3
644	7
645	4
646	2
647	5
648	1
649	4
650	2
651	7
652	7
653	2
654	3
655	0
656	2
657	4
658	4
659	1
660	2
661	7
662	0
663	3
664	1
665	5
666	2
667	5
668	2
669	5
670	2
671	4
672	4
673	3
674	3
675	4
676	5
677	2
678	4
679	4
680	5
681	1
682	3
683	4
684	3
685	2
686	6
687	4
688	3
689	4
690	0
691	6
692	1
693	4
694	2
695	4
696	2
697	4
698	3
699	1
700	4
701	1
702	4
703	5
704	3
705	5
706	2
707	2
708	3
709	9
710	6
711	2
712	2
713	3
714	2
715	2
716	1
717	2
718	2
719	5
720	6
721	2
722	1
723	2
724	1
725	3
726	0
727	3
728	2
729	2
730	3
731	1
732	4
733	3
734	7
735	3
736	2
737	3
738	3
739	3
740	3
741	3
742	3
743	1
744	2
745	2
746	2
747	4
748	5
749	5
750	1
751	2
752	4
753	4
754	2
755	3
756	6
757	1
758	2
759	2
760	4
761	7
762	2
763	3
764	0
765	4
766	3
767	5
768	0
769	2
770	0
771	1
772	2
773	4
774	3
775	4
776	2
777	0
778	6
779	0
780	2
781	1
782	3
783	1
784	0
785	0
786	0
787	3
788	0
789	1
790	4
791	0
792	1
793	2
794	0
795	0
796	0
797	0
798	4
799	1
800	2
801	1
802	4
803	0
804	0
805	3
806	1
807	0
808	3
809	0
810	1
811	2
812	2
813	1
814	0
815	1
816	4
817	1
818	3
819	1
820	1
821	1
822	2
823	1
824	2
825	1
826	2
827	3
828	2
829	1
830	1
831	4
832	3
833	1
834	1
835	3
836	3
837	3
838	2
839	2
840	2
841	4
842	3
843	3
844	1
845	3
846	5
847	2
848	2
849	4
850	2
851	2
852	5
853	5
854	3
855	1
856	2
857	2
858	2
859	1
860	5
861	3
862	5
863	3
864	2
865	1
866	3
867	0
868	3
869	2
870	2
871	2
872	5
873	4
874	1
875	2
876	2
877	2
878	4
879	2
880	5
881	0
882	0
883	2
884	2
885	2
886	2
887	1
888	1
889	3
890	0
891	2
892	0
893	2
894	2
895	2
896	0
897	1
898	2
899	1
900	1
901	1
902	0
903	0
904	1
905	0
906	0
907	2
908	0
909	0
910	0
911	0
912	1
913	0
914	0
915	0
916	0
917	0
918	0
919	0
920	1
921	1
922	1
923	1
924	1
925	0
926	0
927	0
928	0
929	0
930	0
931	0
932	0
933	0
934	0
935	0
936	0
937	1
938	0
939	1
940	0
941	0
942	1
943	1
944	0
945	0
946	0
947	0
948	0
949	0
950	0
951	0
952	1
953	0
954	1
955	0
956	0
957	0
958	1
959	0
960	0
961	0
962	0
963	0
964	0
965	0
966	0
967	0
968	0
969	0
970	0
971	0
972	0
973	0
974	1
975	0
976	0
977	0
978	1
979	0
980	0
981	0
982	2
983	0
984	0
985	0
986	0
987	0
988	1
989	0
990	1
991	0
992	0
993	0
994	0
995	0
996	0
997	0
998	0
999	0
1000	0
1001	0
1002	0
1003	0
1004	0
1005	0
1006	0
1007	0
1008	0
1009	0
1010	0
1011	0
1012	0
1013	0
1014	0
1015	0
1016	0
1017	0
1018	0
1019	0
1020	0
1021	0
1022	0
1023	0